Omega_c: 0.25
Omega_b: 0.05
Omega_k: 0.000000e+00
w0: -1.000000e+00
wa: 0.000000e+00
h: 0.67
Neff: 3.046000e+00
m_nu: 0.1
A_s: 2.e-9
n_s: 0.97
T_CMB: 2.725000e+00
